At time 1696426565.630965167
- Translation: [0.000, 0.000, 0.000]
- Rotation: in Quaternion [0.000, 0.000, -0.522, 0.853]
- Rotation: in RPY (radian) [0.000, 0.000, -1.099]
- Rotation: in RPY (degree) [0.000, 0.000, -62.951]
- Matrix:
  0.455  0.891  0.000  0.000
 -0.891  0.455 -0.000  0.000
 -0.000  0.000  1.000  0.000
  0.000  0.000  0.000  1.000
At time 1696426566.622881667
- Translation: [0.000, 0.000, 0.000]
- Rotation: in Quaternion [0.000, 0.000, -0.522, 0.853]
- Rotation: in RPY (radian) [0.000, 0.000, -1.099]
- Rotation: in RPY (degree) [0.000, 0.000, -62.951]
- Matrix:
  0.455  0.891  0.000  0.000
 -0.891  0.455 -0.000  0.000
 -0.000  0.000  1.000  0.000
  0.000  0.000  0.000  1.000
At time 1696426567.630846297
- Translation: [0.000, 0.000, 0.000]
- Rotation: in Quaternion [0.000, 0.000, -0.522, 0.853]
- Rotation: in RPY (radian) [0.000, 0.000, -1.099]
- Rotation: in RPY (degree) [0.000, 0.000, -62.951]
- Matrix:
  0.455  0.891  0.000  0.000
 -0.891  0.455 -0.000  0.000
 -0.000  0.000  1.000  0.000
  0.000  0.000  0.000  1.000
At time 1696426568.622459966
- Translation: [0.000, 0.000, 0.000]
- Rotation: in Quaternion [0.000, 0.000, -0.522, 0.853]
- Rotation: in RPY (radian) [0.000, 0.000, -1.099]
- Rotation: in RPY (degree) [0.000, 0.000, -62.951]
- Matrix:
  0.455  0.891  0.000  0.000
 -0.891  0.455 -0.000  0.000
 -0.000  0.000  1.000  0.000
  0.000  0.000  0.000  1.000
At time 1696426569.630451833
- Translation: [0.000, 0.000, 0.000]
- Rotation: in Quaternion [0.000, 0.000, -0.522, 0.853]
- Rotation: in RPY (radian) [0.000, 0.000, -1.099]
- Rotation: in RPY (degree) [0.000, 0.000, -62.951]
- Matrix:
  0.455  0.891  0.000  0.000
 -0.891  0.455 -0.000  0.000
 -0.000  0.000  1.000  0.000
  0.000  0.000  0.000  1.000
At time 1696426570.622273140
- Translation: [0.000, 0.000, 0.000]
- Rotation: in Quaternion [0.000, 0.000, -0.522, 0.853]
- Rotation: in RPY (radian) [0.000, 0.000, -1.099]
- Rotation: in RPY (degree) [0.000, 0.000, -62.951]
- Matrix:
  0.455  0.891  0.000  0.000
 -0.891  0.455 -0.000  0.000
 -0.000  0.000  1.000  0.000
  0.000  0.000  0.000  1.000
At time 1696426571.614337634
- Translation: [0.000, 0.000, 0.000]
- Rotation: in Quaternion [0.000, 0.000, -0.522, 0.853]
- Rotation: in RPY (radian) [0.000, 0.000, -1.099]
- Rotation: in RPY (degree) [0.000, 0.000, -62.951]
- Matrix:
  0.455  0.891  0.000  0.000
 -0.891  0.455 -0.000  0.000
 -0.000  0.000  1.000  0.000
  0.000  0.000  0.000  1.000
At time 1696426572.622615641
- Translation: [0.000, 0.000, 0.000]
- Rotation: in Quaternion [0.000, 0.000, -0.522, 0.853]
- Rotation: in RPY (radian) [0.000, 0.000, -1.099]
- Rotation: in RPY (degree) [0.000, 0.000, -62.951]
- Matrix:
  0.455  0.891  0.000  0.000
 -0.891  0.455 -0.000  0.000
 -0.000  0.000  1.000  0.000
  0.000  0.000  0.000  1.000
At time 1696426573.630759972
- Translation: [0.658, -0.815, 0.000]
- Rotation: in Quaternion [0.000, 0.000, -0.405, 0.914]
- Rotation: in RPY (radian) [0.000, 0.000, -0.835]
- Rotation: in RPY (degree) [0.000, 0.000, -47.843]
- Matrix:
  0.671  0.741  0.000  0.658
 -0.741  0.671 -0.000 -0.815
 -0.000  0.000  1.000  0.000
  0.000  0.000  0.000  1.000
At time 1696426574.622783959
- Translation: [1.756, -0.129, 0.000]
- Rotation: in Quaternion [0.000, 0.000, 0.409, 0.912]
- Rotation: in RPY (radian) [0.000, -0.000, 0.843]
- Rotation: in RPY (degree) [0.000, -0.000, 48.312]
- Matrix:
  0.665 -0.747  0.000  1.756
  0.747  0.665  0.000 -0.129
  0.000  0.000  1.000  0.000
  0.000  0.000  0.000  1.000
At time 1696426575.615106656
- Translation: [0.941, 1.063, 0.000]
- Rotation: in Quaternion [0.000, 0.000, 0.678, 0.735]
- Rotation: in RPY (radian) [0.000, -0.000, 1.491]
- Rotation: in RPY (degree) [0.000, -0.000, 85.411]
- Matrix:
  0.080 -0.997  0.000  0.941
  0.997  0.080  0.000  1.063
  0.000  0.000  1.000  0.000
  0.000  0.000  0.000  1.000
At time 1696426576.622739469
- Translation: [1.176, 0.814, 0.000]
- Rotation: in Quaternion [0.000, 0.000, -0.329, 0.944]
- Rotation: in RPY (radian) [0.000, 0.000, -0.671]
- Rotation: in RPY (degree) [0.000, 0.000, -38.467]
- Matrix:
  0.783  0.622  0.000  1.176
 -0.622  0.783 -0.000  0.814
 -0.000  0.000  1.000  0.000
  0.000  0.000  0.000  1.000
At time 1696426577.630605762
- Translation: [1.302, -1.327, 0.000]
- Rotation: in Quaternion [0.000, 0.000, -0.557, 0.830]
- Rotation: in RPY (radian) [0.000, 0.000, -1.182]
- Rotation: in RPY (degree) [0.000, 0.000, -67.714]
- Matrix:
  0.379  0.925  0.000  1.302
 -0.925  0.379 -0.000 -1.327
 -0.000  0.000  1.000  0.000
  0.000  0.000  0.000  1.000
At time 1696426578.623116193
- Translation: [2.010, -0.942, 0.000]
- Rotation: in Quaternion [0.000, 0.000, -0.239, 0.971]
- Rotation: in RPY (radian) [0.000, 0.000, -0.482]
- Rotation: in RPY (degree) [0.000, 0.000, -27.637]
- Matrix:
  0.886  0.464  0.000  2.010
 -0.464  0.886 -0.000 -0.942
 -0.000  0.000  1.000  0.000
  0.000  0.000  0.000  1.000
At time 1696426579.630761718
- Translation: [1.141, -0.229, 0.000]
- Rotation: in Quaternion [0.000, 0.000, -0.021, 1.000]
- Rotation: in RPY (radian) [0.000, 0.000, -0.043]
- Rotation: in RPY (degree) [0.000, 0.000, -2.461]
- Matrix:
  0.999  0.043  0.000  1.141
 -0.043  0.999 -0.000 -0.229
 -0.000  0.000  1.000  0.000
  0.000  0.000  0.000  1.000
At time 1696426580.622806936
- Translation: [0.591, -0.057, 0.000]
- Rotation: in Quaternion [0.000, 0.000, 0.077, 0.997]
- Rotation: in RPY (radian) [0.000, -0.000, 0.153]
- Rotation: in RPY (degree) [0.000, -0.000, 8.790]
- Matrix:
  0.988 -0.153  0.000  0.591
  0.153  0.988  0.000 -0.057
  0.000  0.000  1.000  0.000
  0.000  0.000  0.000  1.000
At time 1696426581.630505609
- Translation: [0.295, -0.014, 0.000]
- Rotation: in Quaternion [0.000, 0.000, 0.125, 0.992]
- Rotation: in RPY (radian) [0.000, -0.000, 0.251]
- Rotation: in RPY (degree) [0.000, -0.000, 14.380]
- Matrix:
  0.969 -0.248  0.000  0.295
  0.248  0.969  0.000 -0.014
  0.000  0.000  1.000  0.000
  0.000  0.000  0.000  1.000
At time 1696426582.623190294
- Translation: [0.149, -0.003, 0.000]
- Rotation: in Quaternion [0.000, 0.000, 0.148, 0.989]
- Rotation: in RPY (radian) [0.000, -0.000, 0.298]
- Rotation: in RPY (degree) [0.000, -0.000, 17.054]
- Matrix:
  0.956 -0.293  0.000  0.149
  0.293  0.956  0.000 -0.003
  0.000  0.000  1.000  0.000
  0.000  0.000  0.000  1.000
At time 1696426583.630311520
- Translation: [0.074, -0.001, 0.000]
- Rotation: in Quaternion [0.000, 0.000, 0.160, 0.987]
- Rotation: in RPY (radian) [0.000, -0.000, 0.321]
- Rotation: in RPY (degree) [0.000, -0.000, 18.401]
- Matrix:
  0.949 -0.316  0.000  0.074
  0.316  0.949  0.000 -0.001
  0.000  0.000  1.000  0.000
  0.000  0.000  0.000  1.000
At time 1696426584.622179970
- Translation: [0.037, -0.000, 0.000]
- Rotation: in Quaternion [0.000, 0.000, 0.165, 0.986]
- Rotation: in RPY (radian) [0.000, -0.000, 0.332]
- Rotation: in RPY (degree) [0.000, -0.000, 19.048]
- Matrix:
  0.945 -0.326  0.000  0.037
  0.326  0.945  0.000 -0.000
  0.000  0.000  1.000  0.000
  0.000  0.000  0.000  1.000
At time 1696426585.614219670
- Translation: [0.019, -0.000, 0.000]
- Rotation: in Quaternion [0.000, 0.000, 0.168, 0.986]
- Rotation: in RPY (radian) [0.000, -0.000, 0.338]
- Rotation: in RPY (degree) [0.000, -0.000, 19.371]
- Matrix:
  0.943 -0.332  0.000  0.019
  0.332  0.943  0.000 -0.000
  0.000  0.000  1.000  0.000
  0.000  0.000  0.000  1.000
At time 1696426586.622818598
- Translation: [0.009, -0.000, 0.000]
- Rotation: in Quaternion [0.000, 0.000, 0.170, 0.986]
- Rotation: in RPY (radian) [0.000, -0.000, 0.341]
- Rotation: in RPY (degree) [0.000, -0.000, 19.530]
- Matrix:
  0.942 -0.334  0.000  0.009
  0.334  0.942  0.000 -0.000
  0.000  0.000  1.000  0.000
  0.000  0.000  0.000  1.000
At time 1696426587.630536409
- Translation: [0.005, -0.000, 0.000]
- Rotation: in Quaternion [0.000, 0.000, 0.170, 0.985]
- Rotation: in RPY (radian) [0.000, -0.000, 0.342]
- Rotation: in RPY (degree) [0.000, -0.000, 19.609]
- Matrix:
  0.942 -0.336  0.000  0.005
  0.336  0.942  0.000 -0.000
  0.000  0.000  1.000  0.000
  0.000  0.000  0.000  1.000
At time 1696426588.622657684
- Translation: [0.002, -0.000, 0.000]
- Rotation: in Quaternion [0.000, 0.000, 0.171, 0.985]
- Rotation: in RPY (radian) [0.000, -0.000, 0.343]
- Rotation: in RPY (degree) [0.000, -0.000, 19.647]
- Matrix:
  0.942 -0.336  0.000  0.002
  0.336  0.942  0.000 -0.000
  0.000  0.000  1.000  0.000
  0.000  0.000  0.000  1.000
At time 1696426589.614542337
- Translation: [0.001, -0.000, 0.000]
- Rotation: in Quaternion [0.000, 0.000, 0.171, 0.985]
- Rotation: in RPY (radian) [0.000, -0.000, 0.343]
- Rotation: in RPY (degree) [0.000, -0.000, 19.665]
- Matrix:
  0.942 -0.337  0.000  0.001
  0.337  0.942  0.000 -0.000
  0.000  0.000  1.000  0.000
  0.000  0.000  0.000  1.000
At time 1696426590.622801487
- Translation: [0.001, 0.000, 0.000]
- Rotation: in Quaternion [0.000, 0.000, 0.171, 0.985]
- Rotation: in RPY (radian) [0.000, -0.000, 0.343]
- Rotation: in RPY (degree) [0.000, -0.000, 19.676]
- Matrix:
  0.942 -0.337  0.000  0.001
  0.337  0.942  0.000  0.000
  0.000  0.000  1.000  0.000
  0.000  0.000  0.000  1.000
At time 1696426591.613986400
- Translation: [0.000, 0.000, 0.000]
- Rotation: in Quaternion [0.000, 0.000, 0.171, 0.985]
- Rotation: in RPY (radian) [0.000, -0.000, 0.344]
- Rotation: in RPY (degree) [0.000, -0.000, 19.691]
- Matrix:
  0.942 -0.337  0.000  0.000
  0.337  0.942  0.000  0.000
  0.000  0.000  1.000  0.000
  0.000  0.000  0.000  1.000
At time 1696426592.623136795
- Translation: [0.000, 0.000, 0.000]
- Rotation: in Quaternion [0.000, 0.000, 0.171, 0.985]
- Rotation: in RPY (radian) [0.000, -0.000, 0.344]
- Rotation: in RPY (degree) [0.000, -0.000, 19.690]
- Matrix:
  0.942 -0.337  0.000  0.000
  0.337  0.942  0.000  0.000
  0.000  0.000  1.000  0.000
  0.000  0.000  0.000  1.000
At time 1696426593.630365367
- Translation: [0.000, 0.000, 0.000]
- Rotation: in Quaternion [0.000, 0.000, 0.171, 0.985]
- Rotation: in RPY (radian) [0.000, -0.000, 0.343]
- Rotation: in RPY (degree) [0.000, -0.000, 19.659]
- Matrix:
  0.942 -0.336  0.000  0.000
  0.336  0.942  0.000  0.000
  0.000  0.000  1.000  0.000
  0.000  0.000  0.000  1.000
At time 1696426594.622103982
- Translation: [0.000, 0.000, 0.000]
- Rotation: in Quaternion [0.000, 0.000, 0.171, 0.985]
- Rotation: in RPY (radian) [0.000, -0.000, 0.343]
- Rotation: in RPY (degree) [0.000, -0.000, 19.667]
- Matrix:
  0.942 -0.337  0.000  0.000
  0.337  0.942  0.000  0.000
  0.000  0.000  1.000  0.000
  0.000  0.000  0.000  1.000
At time 1696426595.630945329
- Translation: [0.000, -0.000, 0.000]
- Rotation: in Quaternion [0.000, 0.000, 0.170, 0.985]
- Rotation: in RPY (radian) [0.000, -0.000, 0.342]
- Rotation: in RPY (degree) [0.000, -0.000, 19.575]
- Matrix:
  0.942 -0.335  0.000  0.000
  0.335  0.942  0.000 -0.000
  0.000  0.000  1.000  0.000
  0.000  0.000  0.000  1.000
At time 1696426596.622944731
- Translation: [0.000, -0.000, 0.000]
- Rotation: in Quaternion [0.000, 0.000, 0.171, 0.985]
- Rotation: in RPY (radian) [0.000, -0.000, 0.344]
- Rotation: in RPY (degree) [0.000, -0.000, 19.691]
- Matrix:
  0.942 -0.337  0.000  0.000
  0.337  0.942  0.000 -0.000
  0.000  0.000  1.000  0.000
  0.000  0.000  0.000  1.000
At time 1696426597.614653872
- Translation: [0.000, 0.000, 0.000]
- Rotation: in Quaternion [0.000, 0.000, 0.175, 0.985]
- Rotation: in RPY (radian) [0.000, -0.000, 0.352]
- Rotation: in RPY (degree) [0.000, -0.000, 20.180]
- Matrix:
  0.939 -0.345  0.000  0.000
  0.345  0.939  0.000  0.000
  0.000  0.000  1.000  0.000
  0.000  0.000  0.000  1.000
At time 1696426598.622233467
- Translation: [0.000, 0.000, 0.000]
- Rotation: in Quaternion [0.000, 0.000, 0.170, 0.986]
- Rotation: in RPY (radian) [0.000, -0.000, 0.341]
- Rotation: in RPY (degree) [0.000, -0.000, 19.525]
- Matrix:
  0.942 -0.334  0.000  0.000
  0.334  0.942  0.000  0.000
  0.000  0.000  1.000  0.000
  0.000  0.000  0.000  1.000
At time 1696426599.614993301
- Translation: [0.000, -0.000, 0.000]
- Rotation: in Quaternion [0.000, 0.000, 0.160, 0.987]
- Rotation: in RPY (radian) [0.000, -0.000, 0.322]
- Rotation: in RPY (degree) [0.000, -0.000, 18.423]
- Matrix:
  0.949 -0.316  0.000  0.000
  0.316  0.949  0.000 -0.000
  0.000  0.000  1.000  0.000
  0.000  0.000  0.000  1.000
At time 1696426600.622260076
- Translation: [0.000, -0.000, 0.000]
- Rotation: in Quaternion [0.000, 0.000, 0.198, 0.980]
- Rotation: in RPY (radian) [0.000, -0.000, 0.399]
- Rotation: in RPY (degree) [0.000, -0.000, 22.839]
- Matrix:
  0.922 -0.388  0.000  0.000
  0.388  0.922  0.000 -0.000
  0.000  0.000  1.000  0.000
  0.000  0.000  0.000  1.000
At time 1696426601.630401963
- Translation: [0.000, 0.000, 0.000]
- Rotation: in Quaternion [0.000, 0.000, 0.198, 0.980]
- Rotation: in RPY (radian) [0.000, -0.000, 0.399]
- Rotation: in RPY (degree) [0.000, -0.000, 22.874]
- Matrix:
  0.921 -0.389  0.000  0.000
  0.389  0.921  0.000  0.000
  0.000  0.000  1.000  0.000
  0.000  0.000  0.000  1.000
At time 1696426602.621708050
- Translation: [0.000, 0.000, 0.000]
- Rotation: in Quaternion [0.000, 0.000, 0.198, 0.980]
- Rotation: in RPY (radian) [0.000, -0.000, 0.399]
- Rotation: in RPY (degree) [0.000, -0.000, 22.874]
- Matrix:
  0.921 -0.389  0.000  0.000
  0.389  0.921  0.000  0.000
  0.000  0.000  1.000  0.000
  0.000  0.000  0.000  1.000
At time 1696426603.630684680
- Translation: [0.000, 0.000, 0.000]
- Rotation: in Quaternion [0.000, 0.000, 0.198, 0.980]
- Rotation: in RPY (radian) [0.000, -0.000, 0.399]
- Rotation: in RPY (degree) [0.000, -0.000, 22.874]
- Matrix:
  0.921 -0.389  0.000  0.000
  0.389  0.921  0.000  0.000
  0.000  0.000  1.000  0.000
  0.000  0.000  0.000  1.000
At time 1696426604.622292272
- Translation: [0.000, 0.000, 0.000]
- Rotation: in Quaternion [0.000, 0.000, 0.198, 0.980]
- Rotation: in RPY (radian) [0.000, -0.000, 0.399]
- Rotation: in RPY (degree) [0.000, -0.000, 22.874]
- Matrix:
  0.921 -0.389  0.000  0.000
  0.389  0.921  0.000  0.000
  0.000  0.000  1.000  0.000
  0.000  0.000  0.000  1.000
At time 1696426605.630837702
- Translation: [0.000, 0.000, 0.000]
- Rotation: in Quaternion [0.000, 0.000, 0.198, 0.980]
- Rotation: in RPY (radian) [0.000, -0.000, 0.399]
- Rotation: in RPY (degree) [0.000, -0.000, 22.874]
- Matrix:
  0.921 -0.389  0.000  0.000
  0.389  0.921  0.000  0.000
  0.000  0.000  1.000  0.000
  0.000  0.000  0.000  1.000
At time 1696426606.622780742
- Translation: [0.000, 0.000, 0.000]
- Rotation: in Quaternion [0.000, 0.000, 0.198, 0.980]
- Rotation: in RPY (radian) [0.000, -0.000, 0.399]
- Rotation: in RPY (degree) [0.000, -0.000, 22.874]
- Matrix:
  0.921 -0.389  0.000  0.000
  0.389  0.921  0.000  0.000
  0.000  0.000  1.000  0.000
  0.000  0.000  0.000  1.000
At time 1696426607.631194102
- Translation: [0.000, 0.000, 0.000]
- Rotation: in Quaternion [0.000, 0.000, 0.198, 0.980]
- Rotation: in RPY (radian) [0.000, -0.000, 0.399]
- Rotation: in RPY (degree) [0.000, -0.000, 22.874]
- Matrix:
  0.921 -0.389  0.000  0.000
  0.389  0.921  0.000  0.000
  0.000  0.000  1.000  0.000
  0.000  0.000  0.000  1.000
At time 1696426608.622479936
- Translation: [0.000, 0.000, 0.000]
- Rotation: in Quaternion [0.000, 0.000, 0.198, 0.980]
- Rotation: in RPY (radian) [0.000, -0.000, 0.399]
- Rotation: in RPY (degree) [0.000, -0.000, 22.874]
- Matrix:
  0.921 -0.389  0.000  0.000
  0.389  0.921  0.000  0.000
  0.000  0.000  1.000  0.000
  0.000  0.000  0.000  1.000
At time 1696426609.630853416
- Translation: [0.000, 0.000, 0.000]
- Rotation: in Quaternion [0.000, 0.000, 0.198, 0.980]
- Rotation: in RPY (radian) [0.000, -0.000, 0.399]
- Rotation: in RPY (degree) [0.000, -0.000, 22.874]
- Matrix:
  0.921 -0.389  0.000  0.000
  0.389  0.921  0.000  0.000
  0.000  0.000  1.000  0.000
  0.000  0.000  0.000  1.000
At time 1696426610.622896888
- Translation: [0.000, 0.000, 0.000]
- Rotation: in Quaternion [0.000, 0.000, 0.198, 0.980]
- Rotation: in RPY (radian) [0.000, -0.000, 0.399]
- Rotation: in RPY (degree) [0.000, -0.000, 22.874]
- Matrix:
  0.921 -0.389  0.000  0.000
  0.389  0.921  0.000  0.000
  0.000  0.000  1.000  0.000
  0.000  0.000  0.000  1.000
At time 1696426611.631107289
- Translation: [0.000, 0.000, 0.000]
- Rotation: in Quaternion [0.000, 0.000, 0.198, 0.980]
- Rotation: in RPY (radian) [0.000, -0.000, 0.399]
- Rotation: in RPY (degree) [0.000, -0.000, 22.874]
- Matrix:
  0.921 -0.389  0.000  0.000
  0.389  0.921  0.000  0.000
  0.000  0.000  1.000  0.000
  0.000  0.000  0.000  1.000
At time 1696426612.622654119
- Translation: [0.000, 0.000, 0.000]
- Rotation: in Quaternion [0.000, 0.000, 0.198, 0.980]
- Rotation: in RPY (radian) [0.000, -0.000, 0.399]
- Rotation: in RPY (degree) [0.000, -0.000, 22.874]
- Matrix:
  0.921 -0.389  0.000  0.000
  0.389  0.921  0.000  0.000
  0.000  0.000  1.000  0.000
  0.000  0.000  0.000  1.000
At time 1696426613.630829041
- Translation: [0.000, 0.000, 0.000]
- Rotation: in Quaternion [0.000, 0.000, 0.198, 0.980]
- Rotation: in RPY (radian) [0.000, -0.000, 0.399]
- Rotation: in RPY (degree) [0.000, -0.000, 22.874]
- Matrix:
  0.921 -0.389  0.000  0.000
  0.389  0.921  0.000  0.000
  0.000  0.000  1.000  0.000
  0.000  0.000  0.000  1.000
At time 1696426614.622726125
- Translation: [0.000, 0.000, 0.000]
- Rotation: in Quaternion [0.000, 0.000, 0.198, 0.980]
- Rotation: in RPY (radian) [0.000, -0.000, 0.399]
- Rotation: in RPY (degree) [0.000, -0.000, 22.874]
- Matrix:
  0.921 -0.389  0.000  0.000
  0.389  0.921  0.000  0.000
  0.000  0.000  1.000  0.000
  0.000  0.000  0.000  1.000
At time 1696426615.630657510
- Translation: [0.000, 0.000, 0.000]
- Rotation: in Quaternion [0.000, 0.000, 0.198, 0.980]
- Rotation: in RPY (radian) [0.000, -0.000, 0.399]
- Rotation: in RPY (degree) [0.000, -0.000, 22.874]
- Matrix:
  0.921 -0.389  0.000  0.000
  0.389  0.921  0.000  0.000
  0.000  0.000  1.000  0.000
  0.000  0.000  0.000  1.000
At time 1696426616.623051097
- Translation: [0.000, 0.000, 0.000]
- Rotation: in Quaternion [0.000, 0.000, 0.198, 0.980]
- Rotation: in RPY (radian) [0.000, -0.000, 0.399]
- Rotation: in RPY (degree) [0.000, -0.000, 22.874]
- Matrix:
  0.921 -0.389  0.000  0.000
  0.389  0.921  0.000  0.000
  0.000  0.000  1.000  0.000
  0.000  0.000  0.000  1.000
At time 1696426617.630871224
- Translation: [0.000, 0.000, 0.000]
- Rotation: in Quaternion [0.000, 0.000, 0.198, 0.980]
- Rotation: in RPY (radian) [0.000, -0.000, 0.399]
- Rotation: in RPY (degree) [0.000, -0.000, 22.874]
- Matrix:
  0.921 -0.389  0.000  0.000
  0.389  0.921  0.000  0.000
  0.000  0.000  1.000  0.000
  0.000  0.000  0.000  1.000
At time 1696426618.622425528
- Translation: [0.000, 0.000, 0.000]
- Rotation: in Quaternion [0.000, 0.000, 0.198, 0.980]
- Rotation: in RPY (radian) [0.000, -0.000, 0.399]
- Rotation: in RPY (degree) [0.000, -0.000, 22.874]
- Matrix:
  0.921 -0.389  0.000  0.000
  0.389  0.921  0.000  0.000
  0.000  0.000  1.000  0.000
  0.000  0.000  0.000  1.000
At time 1696426619.630430177
- Translation: [0.000, 0.000, 0.000]
- Rotation: in Quaternion [0.000, 0.000, 0.198, 0.980]
- Rotation: in RPY (radian) [0.000, -0.000, 0.399]
- Rotation: in RPY (degree) [0.000, -0.000, 22.874]
- Matrix:
  0.921 -0.389  0.000  0.000
  0.389  0.921  0.000  0.000
  0.000  0.000  1.000  0.000
  0.000  0.000  0.000  1.000
At time 1696426620.623235337
- Translation: [0.000, 0.000, 0.000]
- Rotation: in Quaternion [0.000, 0.000, 0.198, 0.980]
- Rotation: in RPY (radian) [0.000, -0.000, 0.399]
- Rotation: in RPY (degree) [0.000, -0.000, 22.874]
- Matrix:
  0.921 -0.389  0.000  0.000
  0.389  0.921  0.000  0.000
  0.000  0.000  1.000  0.000
  0.000  0.000  0.000  1.000
At time 1696426621.630501624
- Translation: [0.000, 0.000, 0.000]
- Rotation: in Quaternion [0.000, 0.000, 0.198, 0.980]
- Rotation: in RPY (radian) [0.000, -0.000, 0.399]
- Rotation: in RPY (degree) [0.000, -0.000, 22.874]
- Matrix:
  0.921 -0.389  0.000  0.000
  0.389  0.921  0.000  0.000
  0.000  0.000  1.000  0.000
  0.000  0.000  0.000  1.000
At time 1696426622.622319718
- Translation: [0.000, 0.000, 0.000]
- Rotation: in Quaternion [0.000, 0.000, 0.198, 0.980]
- Rotation: in RPY (radian) [0.000, -0.000, 0.399]
- Rotation: in RPY (degree) [0.000, -0.000, 22.874]
- Matrix:
  0.921 -0.389  0.000  0.000
  0.389  0.921  0.000  0.000
  0.000  0.000  1.000  0.000
  0.000  0.000  0.000  1.000
At time 1696426623.630972214
- Translation: [0.000, 0.000, 0.000]
- Rotation: in Quaternion [0.000, 0.000, 0.198, 0.980]
- Rotation: in RPY (radian) [0.000, -0.000, 0.399]
- Rotation: in RPY (degree) [0.000, -0.000, 22.874]
- Matrix:
  0.921 -0.389  0.000  0.000
  0.389  0.921  0.000  0.000
  0.000  0.000  1.000  0.000
  0.000  0.000  0.000  1.000
At time 1696426624.622276835
- Translation: [0.000, 0.000, 0.000]
- Rotation: in Quaternion [0.000, 0.000, 0.198, 0.980]
- Rotation: in RPY (radian) [0.000, -0.000, 0.399]
- Rotation: in RPY (degree) [0.000, -0.000, 22.874]
- Matrix:
  0.921 -0.389  0.000  0.000
  0.389  0.921  0.000  0.000
  0.000  0.000  1.000  0.000
  0.000  0.000  0.000  1.000
At time 1696426625.631078582
- Translation: [0.000, 0.000, 0.000]
- Rotation: in Quaternion [0.000, 0.000, 0.198, 0.980]
- Rotation: in RPY (radian) [0.000, -0.000, 0.399]
- Rotation: in RPY (degree) [0.000, -0.000, 22.874]
- Matrix:
  0.921 -0.389  0.000  0.000
  0.389  0.921  0.000  0.000
  0.000  0.000  1.000  0.000
  0.000  0.000  0.000  1.000
At time 1696426626.622707197
- Translation: [0.000, 0.000, 0.000]
- Rotation: in Quaternion [0.000, 0.000, 0.198, 0.980]
- Rotation: in RPY (radian) [0.000, -0.000, 0.399]
- Rotation: in RPY (degree) [0.000, -0.000, 22.874]
- Matrix:
  0.921 -0.389  0.000  0.000
  0.389  0.921  0.000  0.000
  0.000  0.000  1.000  0.000
  0.000  0.000  0.000  1.000
At time 1696426627.630613858
- Translation: [0.000, 0.000, 0.000]
- Rotation: in Quaternion [0.000, 0.000, 0.198, 0.980]
- Rotation: in RPY (radian) [0.000, -0.000, 0.399]
- Rotation: in RPY (degree) [0.000, -0.000, 22.874]
- Matrix:
  0.921 -0.389  0.000  0.000
  0.389  0.921  0.000  0.000
  0.000  0.000  1.000  0.000
  0.000  0.000  0.000  1.000
At time 1696426628.622400035
- Translation: [0.000, 0.000, 0.000]
- Rotation: in Quaternion [0.000, 0.000, 0.198, 0.980]
- Rotation: in RPY (radian) [0.000, -0.000, 0.399]
- Rotation: in RPY (degree) [0.000, -0.000, 22.874]
- Matrix:
  0.921 -0.389  0.000  0.000
  0.389  0.921  0.000  0.000
  0.000  0.000  1.000  0.000
  0.000  0.000  0.000  1.000
At time 1696426629.630757661
- Translation: [0.000, 0.000, 0.000]
- Rotation: in Quaternion [0.000, 0.000, 0.198, 0.980]
- Rotation: in RPY (radian) [0.000, -0.000, 0.399]
- Rotation: in RPY (degree) [0.000, -0.000, 22.874]
- Matrix:
  0.921 -0.389  0.000  0.000
  0.389  0.921  0.000  0.000
  0.000  0.000  1.000  0.000
  0.000  0.000  0.000  1.000
At time 1696426630.622848905
- Translation: [0.000, 0.000, 0.000]
- Rotation: in Quaternion [0.000, 0.000, 0.198, 0.980]
- Rotation: in RPY (radian) [0.000, -0.000, 0.399]
- Rotation: in RPY (degree) [0.000, -0.000, 22.874]
- Matrix:
  0.921 -0.389  0.000  0.000
  0.389  0.921  0.000  0.000
  0.000  0.000  1.000  0.000
  0.000  0.000  0.000  1.000
At time 1696426631.630923604
- Translation: [0.000, 0.000, 0.000]
- Rotation: in Quaternion [0.000, 0.000, 0.198, 0.980]
- Rotation: in RPY (radian) [0.000, -0.000, 0.399]
- Rotation: in RPY (degree) [0.000, -0.000, 22.874]
- Matrix:
  0.921 -0.389  0.000  0.000
  0.389  0.921  0.000  0.000
  0.000  0.000  1.000  0.000
  0.000  0.000  0.000  1.000
At time 1696426632.623243857
- Translation: [0.000, 0.000, 0.000]
- Rotation: in Quaternion [0.000, 0.000, 0.198, 0.980]
- Rotation: in RPY (radian) [0.000, -0.000, 0.399]
- Rotation: in RPY (degree) [0.000, -0.000, 22.874]
- Matrix:
  0.921 -0.389  0.000  0.000
  0.389  0.921  0.000  0.000
  0.000  0.000  1.000  0.000
  0.000  0.000  0.000  1.000
At time 1696426633.630513775
- Translation: [0.000, 0.000, 0.000]
- Rotation: in Quaternion [0.000, 0.000, 0.198, 0.980]
- Rotation: in RPY (radian) [0.000, -0.000, 0.399]
- Rotation: in RPY (degree) [0.000, -0.000, 22.874]
- Matrix:
  0.921 -0.389  0.000  0.000
  0.389  0.921  0.000  0.000
  0.000  0.000  1.000  0.000
  0.000  0.000  0.000  1.000
At time 1696426634.622251133
- Translation: [0.000, 0.000, 0.000]
- Rotation: in Quaternion [0.000, 0.000, 0.198, 0.980]
- Rotation: in RPY (radian) [0.000, -0.000, 0.399]
- Rotation: in RPY (degree) [0.000, -0.000, 22.874]
- Matrix:
  0.921 -0.389  0.000  0.000
  0.389  0.921  0.000  0.000
  0.000  0.000  1.000  0.000
  0.000  0.000  0.000  1.000
At time 1696426635.614303404
- Translation: [0.000, 0.000, 0.000]
- Rotation: in Quaternion [0.000, 0.000, 0.198, 0.980]
- Rotation: in RPY (radian) [0.000, -0.000, 0.399]
- Rotation: in RPY (degree) [0.000, -0.000, 22.874]
- Matrix:
  0.921 -0.389  0.000  0.000
  0.389  0.921  0.000  0.000
  0.000  0.000  1.000  0.000
  0.000  0.000  0.000  1.000
At time 1696426636.622808885
- Translation: [0.000, 0.000, 0.000]
- Rotation: in Quaternion [0.000, 0.000, 0.198, 0.980]
- Rotation: in RPY (radian) [0.000, -0.000, 0.399]
- Rotation: in RPY (degree) [0.000, -0.000, 22.874]
- Matrix:
  0.921 -0.389  0.000  0.000
  0.389  0.921  0.000  0.000
  0.000  0.000  1.000  0.000
  0.000  0.000  0.000  1.000
At time 1696426637.630729165
- Translation: [0.000, 0.000, 0.000]
- Rotation: in Quaternion [0.000, 0.000, 0.198, 0.980]
- Rotation: in RPY (radian) [0.000, -0.000, 0.399]
- Rotation: in RPY (degree) [0.000, -0.000, 22.874]
- Matrix:
  0.921 -0.389  0.000  0.000
  0.389  0.921  0.000  0.000
  0.000  0.000  1.000  0.000
  0.000  0.000  0.000  1.000
At time 1696426638.622684148
- Translation: [0.000, 0.000, 0.000]
- Rotation: in Quaternion [0.000, 0.000, 0.198, 0.980]
- Rotation: in RPY (radian) [0.000, -0.000, 0.399]
- Rotation: in RPY (degree) [0.000, -0.000, 22.874]
- Matrix:
  0.921 -0.389  0.000  0.000
  0.389  0.921  0.000  0.000
  0.000  0.000  1.000  0.000
  0.000  0.000  0.000  1.000
At time 1696426639.630486955
- Translation: [0.000, 0.000, 0.000]
- Rotation: in Quaternion [0.000, 0.000, 0.198, 0.980]
- Rotation: in RPY (radian) [0.000, -0.000, 0.399]
- Rotation: in RPY (degree) [0.000, -0.000, 22.874]
- Matrix:
  0.921 -0.389  0.000  0.000
  0.389  0.921  0.000  0.000
  0.000  0.000  1.000  0.000
  0.000  0.000  0.000  1.000
At time 1696426640.622527284
- Translation: [0.000, 0.000, 0.000]
- Rotation: in Quaternion [0.000, 0.000, 0.198, 0.980]
- Rotation: in RPY (radian) [0.000, -0.000, 0.399]
- Rotation: in RPY (degree) [0.000, -0.000, 22.874]
- Matrix:
  0.921 -0.389  0.000  0.000
  0.389  0.921  0.000  0.000
  0.000  0.000  1.000  0.000
  0.000  0.000  0.000  1.000
At time 1696426641.631108333
- Translation: [0.000, 0.000, 0.000]
- Rotation: in Quaternion [0.000, 0.000, 0.198, 0.980]
- Rotation: in RPY (radian) [0.000, -0.000, 0.399]
- Rotation: in RPY (degree) [0.000, -0.000, 22.874]
- Matrix:
  0.921 -0.389  0.000  0.000
  0.389  0.921  0.000  0.000
  0.000  0.000  1.000  0.000
  0.000  0.000  0.000  1.000
At time 1696426642.623346522
- Translation: [0.000, 0.000, 0.000]
- Rotation: in Quaternion [0.000, 0.000, 0.198, 0.980]
- Rotation: in RPY (radian) [0.000, -0.000, 0.399]
- Rotation: in RPY (degree) [0.000, -0.000, 22.874]
- Matrix:
  0.921 -0.389  0.000  0.000
  0.389  0.921  0.000  0.000
  0.000  0.000  1.000  0.000
  0.000  0.000  0.000  1.000
At time 1696426643.615275664
- Translation: [0.000, 0.000, 0.000]
- Rotation: in Quaternion [0.000, 0.000, 0.198, 0.980]
- Rotation: in RPY (radian) [0.000, -0.000, 0.399]
- Rotation: in RPY (degree) [0.000, -0.000, 22.874]
- Matrix:
  0.921 -0.389  0.000  0.000
  0.389  0.921  0.000  0.000
  0.000  0.000  1.000  0.000
  0.000  0.000  0.000  1.000
At time 1696426644.622781576
- Translation: [0.000, 0.000, 0.000]
- Rotation: in Quaternion [0.000, 0.000, 0.198, 0.980]
- Rotation: in RPY (radian) [0.000, -0.000, 0.399]
- Rotation: in RPY (degree) [0.000, -0.000, 22.874]
- Matrix:
  0.921 -0.389  0.000  0.000
  0.389  0.921  0.000  0.000
  0.000  0.000  1.000  0.000
  0.000  0.000  0.000  1.000
At time 1696426645.631115037
- Translation: [0.000, 0.000, 0.000]
- Rotation: in Quaternion [0.000, 0.000, 0.198, 0.980]
- Rotation: in RPY (radian) [0.000, -0.000, 0.399]
- Rotation: in RPY (degree) [0.000, -0.000, 22.874]
- Matrix:
  0.921 -0.389  0.000  0.000
  0.389  0.921  0.000  0.000
  0.000  0.000  1.000  0.000
  0.000  0.000  0.000  1.000
At time 1696426646.622306445
- Translation: [0.000, 0.000, 0.000]
- Rotation: in Quaternion [0.000, 0.000, 0.198, 0.980]
- Rotation: in RPY (radian) [0.000, -0.000, 0.399]
- Rotation: in RPY (degree) [0.000, -0.000, 22.874]
- Matrix:
  0.921 -0.389  0.000  0.000
  0.389  0.921  0.000  0.000
  0.000  0.000  1.000  0.000
  0.000  0.000  0.000  1.000
At time 1696426647.630345805
- Translation: [0.000, 0.000, 0.000]
- Rotation: in Quaternion [0.000, 0.000, 0.198, 0.980]
- Rotation: in RPY (radian) [0.000, -0.000, 0.399]
- Rotation: in RPY (degree) [0.000, -0.000, 22.874]
- Matrix:
  0.921 -0.389  0.000  0.000
  0.389  0.921  0.000  0.000
  0.000  0.000  1.000  0.000
  0.000  0.000  0.000  1.000
At time 1696426648.622239956
- Translation: [0.000, 0.000, 0.000]
- Rotation: in Quaternion [0.000, 0.000, 0.198, 0.980]
- Rotation: in RPY (radian) [0.000, -0.000, 0.399]
- Rotation: in RPY (degree) [0.000, -0.000, 22.874]
- Matrix:
  0.921 -0.389  0.000  0.000
  0.389  0.921  0.000  0.000
  0.000  0.000  1.000  0.000
  0.000  0.000  0.000  1.000
At time 1696426649.631136618
- Translation: [0.000, 0.000, 0.000]
- Rotation: in Quaternion [0.000, 0.000, 0.198, 0.980]
- Rotation: in RPY (radian) [0.000, -0.000, 0.399]
- Rotation: in RPY (degree) [0.000, -0.000, 22.874]
- Matrix:
  0.921 -0.389  0.000  0.000
  0.389  0.921  0.000  0.000
  0.000  0.000  1.000  0.000
  0.000  0.000  0.000  1.000
At time 1696426650.622176401
- Translation: [0.000, 0.000, 0.000]
- Rotation: in Quaternion [0.000, 0.000, 0.198, 0.980]
- Rotation: in RPY (radian) [0.000, -0.000, 0.399]
- Rotation: in RPY (degree) [0.000, -0.000, 22.874]
- Matrix:
  0.921 -0.389  0.000  0.000
  0.389  0.921  0.000  0.000
  0.000  0.000  1.000  0.000
  0.000  0.000  0.000  1.000
At time 1696426651.630940433
- Translation: [0.000, 0.000, 0.000]
- Rotation: in Quaternion [0.000, 0.000, 0.198, 0.980]
- Rotation: in RPY (radian) [0.000, -0.000, 0.399]
- Rotation: in RPY (degree) [0.000, -0.000, 22.874]
- Matrix:
  0.921 -0.389  0.000  0.000
  0.389  0.921  0.000  0.000
  0.000  0.000  1.000  0.000
  0.000  0.000  0.000  1.000
At time 1696426652.622352819
- Translation: [0.000, 0.000, 0.000]
- Rotation: in Quaternion [0.000, 0.000, 0.198, 0.980]
- Rotation: in RPY (radian) [0.000, -0.000, 0.399]
- Rotation: in RPY (degree) [0.000, -0.000, 22.874]
- Matrix:
  0.921 -0.389  0.000  0.000
  0.389  0.921  0.000  0.000
  0.000  0.000  1.000  0.000
  0.000  0.000  0.000  1.000
At time 1696426653.630682439
- Translation: [0.000, 0.000, 0.000]
- Rotation: in Quaternion [0.000, 0.000, 0.198, 0.980]
- Rotation: in RPY (radian) [0.000, -0.000, 0.399]
- Rotation: in RPY (degree) [0.000, -0.000, 22.874]
- Matrix:
  0.921 -0.389  0.000  0.000
  0.389  0.921  0.000  0.000
  0.000  0.000  1.000  0.000
  0.000  0.000  0.000  1.000
At time 1696426654.622991029
- Translation: [0.000, 0.000, 0.000]
- Rotation: in Quaternion [0.000, 0.000, 0.198, 0.980]
- Rotation: in RPY (radian) [0.000, -0.000, 0.399]
- Rotation: in RPY (degree) [0.000, -0.000, 22.874]
- Matrix:
  0.921 -0.389  0.000  0.000
  0.389  0.921  0.000  0.000
  0.000  0.000  1.000  0.000
  0.000  0.000  0.000  1.000
At time 1696426655.630288744
- Translation: [0.000, 0.000, 0.000]
- Rotation: in Quaternion [0.000, 0.000, 0.198, 0.980]
- Rotation: in RPY (radian) [0.000, -0.000, 0.399]
- Rotation: in RPY (degree) [0.000, -0.000, 22.874]
- Matrix:
  0.921 -0.389  0.000  0.000
  0.389  0.921  0.000  0.000
  0.000  0.000  1.000  0.000
  0.000  0.000  0.000  1.000
At time 1696426656.622229828
- Translation: [0.000, 0.000, 0.000]
- Rotation: in Quaternion [0.000, 0.000, 0.198, 0.980]
- Rotation: in RPY (radian) [0.000, -0.000, 0.399]
- Rotation: in RPY (degree) [0.000, -0.000, 22.874]
- Matrix:
  0.921 -0.389  0.000  0.000
  0.389  0.921  0.000  0.000
  0.000  0.000  1.000  0.000
  0.000  0.000  0.000  1.000
At time 1696426657.630272540
- Translation: [0.000, 0.000, 0.000]
- Rotation: in Quaternion [0.000, 0.000, 0.198, 0.980]
- Rotation: in RPY (radian) [0.000, -0.000, 0.399]
- Rotation: in RPY (degree) [0.000, -0.000, 22.874]
- Matrix:
  0.921 -0.389  0.000  0.000
  0.389  0.921  0.000  0.000
  0.000  0.000  1.000  0.000
  0.000  0.000  0.000  1.000
At time 1696426658.622578965
- Translation: [0.000, 0.000, 0.000]
- Rotation: in Quaternion [0.000, 0.000, 0.198, 0.980]
- Rotation: in RPY (radian) [0.000, -0.000, 0.399]
- Rotation: in RPY (degree) [0.000, -0.000, 22.874]
- Matrix:
  0.921 -0.389  0.000  0.000
  0.389  0.921  0.000  0.000
  0.000  0.000  1.000  0.000
  0.000  0.000  0.000  1.000
At time 1696426659.630317518
- Translation: [0.000, 0.000, 0.000]
- Rotation: in Quaternion [0.000, 0.000, 0.198, 0.980]
- Rotation: in RPY (radian) [0.000, -0.000, 0.399]
- Rotation: in RPY (degree) [0.000, -0.000, 22.874]
- Matrix:
  0.921 -0.389  0.000  0.000
  0.389  0.921  0.000  0.000
  0.000  0.000  1.000  0.000
  0.000  0.000  0.000  1.000
At time 1696426660.622526304
- Translation: [0.000, 0.000, 0.000]
- Rotation: in Quaternion [0.000, 0.000, 0.198, 0.980]
- Rotation: in RPY (radian) [0.000, -0.000, 0.399]
- Rotation: in RPY (degree) [0.000, -0.000, 22.874]
- Matrix:
  0.921 -0.389  0.000  0.000
  0.389  0.921  0.000  0.000
  0.000  0.000  1.000  0.000
  0.000  0.000  0.000  1.000
At time 1696426661.630280013
- Translation: [0.000, 0.000, 0.000]
- Rotation: in Quaternion [0.000, 0.000, 0.198, 0.980]
- Rotation: in RPY (radian) [0.000, -0.000, 0.399]
- Rotation: in RPY (degree) [0.000, -0.000, 22.874]
- Matrix:
  0.921 -0.389  0.000  0.000
  0.389  0.921  0.000  0.000
  0.000  0.000  1.000  0.000
  0.000  0.000  0.000  1.000
At time 1696426662.622583015
- Translation: [0.000, 0.000, 0.000]
- Rotation: in Quaternion [0.000, 0.000, 0.198, 0.980]
- Rotation: in RPY (radian) [0.000, -0.000, 0.399]
- Rotation: in RPY (degree) [0.000, -0.000, 22.874]
- Matrix:
  0.921 -0.389  0.000  0.000
  0.389  0.921  0.000  0.000
  0.000  0.000  1.000  0.000
  0.000  0.000  0.000  1.000
At time 1696426663.630511327
- Translation: [0.000, 0.000, 0.000]
- Rotation: in Quaternion [0.000, 0.000, 0.198, 0.980]
- Rotation: in RPY (radian) [0.000, -0.000, 0.399]
- Rotation: in RPY (degree) [0.000, -0.000, 22.874]
- Matrix:
  0.921 -0.389  0.000  0.000
  0.389  0.921  0.000  0.000
  0.000  0.000  1.000  0.000
  0.000  0.000  0.000  1.000
At time 1696426664.622941091
- Translation: [0.000, 0.000, 0.000]
- Rotation: in Quaternion [0.000, 0.000, 0.198, 0.980]
- Rotation: in RPY (radian) [0.000, -0.000, 0.399]
- Rotation: in RPY (degree) [0.000, -0.000, 22.874]
- Matrix:
  0.921 -0.389  0.000  0.000
  0.389  0.921  0.000  0.000
  0.000  0.000  1.000  0.000
  0.000  0.000  0.000  1.000
At time 1696426665.630853409
- Translation: [0.000, 0.000, 0.000]
- Rotation: in Quaternion [0.000, 0.000, 0.198, 0.980]
- Rotation: in RPY (radian) [0.000, -0.000, 0.399]
- Rotation: in RPY (degree) [0.000, -0.000, 22.874]
- Matrix:
  0.921 -0.389  0.000  0.000
  0.389  0.921  0.000  0.000
  0.000  0.000  1.000  0.000
  0.000  0.000  0.000  1.000
At time 1696426666.622291427
- Translation: [0.000, 0.000, 0.000]
- Rotation: in Quaternion [0.000, 0.000, 0.198, 0.980]
- Rotation: in RPY (radian) [0.000, -0.000, 0.399]
- Rotation: in RPY (degree) [0.000, -0.000, 22.874]
- Matrix:
  0.921 -0.389  0.000  0.000
  0.389  0.921  0.000  0.000
  0.000  0.000  1.000  0.000
  0.000  0.000  0.000  1.000
At time 1696426667.630619371
- Translation: [0.000, 0.000, 0.000]
- Rotation: in Quaternion [0.000, 0.000, 0.198, 0.980]
- Rotation: in RPY (radian) [0.000, -0.000, 0.399]
- Rotation: in RPY (degree) [0.000, -0.000, 22.874]
- Matrix:
  0.921 -0.389  0.000  0.000
  0.389  0.921  0.000  0.000
  0.000  0.000  1.000  0.000
  0.000  0.000  0.000  1.000
At time 1696426668.623164932
- Translation: [0.000, 0.000, 0.000]
- Rotation: in Quaternion [0.000, 0.000, 0.198, 0.980]
- Rotation: in RPY (radian) [0.000, -0.000, 0.399]
- Rotation: in RPY (degree) [0.000, -0.000, 22.874]
- Matrix:
  0.921 -0.389  0.000  0.000
  0.389  0.921  0.000  0.000
  0.000  0.000  1.000  0.000
  0.000  0.000  0.000  1.000
At time 1696426669.631165041
- Translation: [0.000, 0.000, 0.000]
- Rotation: in Quaternion [0.000, 0.000, 0.198, 0.980]
- Rotation: in RPY (radian) [0.000, -0.000, 0.399]
- Rotation: in RPY (degree) [0.000, -0.000, 22.874]
- Matrix:
  0.921 -0.389  0.000  0.000
  0.389  0.921  0.000  0.000
  0.000  0.000  1.000  0.000
  0.000  0.000  0.000  1.000
At time 1696426670.622424614
- Translation: [0.000, 0.000, 0.000]
- Rotation: in Quaternion [0.000, 0.000, 0.198, 0.980]
- Rotation: in RPY (radian) [0.000, -0.000, 0.399]
- Rotation: in RPY (degree) [0.000, -0.000, 22.874]
- Matrix:
  0.921 -0.389  0.000  0.000
  0.389  0.921  0.000  0.000
  0.000  0.000  1.000  0.000
  0.000  0.000  0.000  1.000
At time 1696426671.631167345
- Translation: [0.000, 0.000, 0.000]
- Rotation: in Quaternion [0.000, 0.000, 0.198, 0.980]
- Rotation: in RPY (radian) [0.000, -0.000, 0.399]
- Rotation: in RPY (degree) [0.000, -0.000, 22.874]
- Matrix:
  0.921 -0.389  0.000  0.000
  0.389  0.921  0.000  0.000
  0.000  0.000  1.000  0.000
  0.000  0.000  0.000  1.000
At time 1696426672.622777243
- Translation: [0.000, 0.000, 0.000]
- Rotation: in Quaternion [0.000, 0.000, 0.198, 0.980]
- Rotation: in RPY (radian) [0.000, -0.000, 0.399]
- Rotation: in RPY (degree) [0.000, -0.000, 22.874]
- Matrix:
  0.921 -0.389  0.000  0.000
  0.389  0.921  0.000  0.000
  0.000  0.000  1.000  0.000
  0.000  0.000  0.000  1.000
At time 1696426673.630231891
- Translation: [0.000, 0.000, 0.000]
- Rotation: in Quaternion [0.000, 0.000, 0.198, 0.980]
- Rotation: in RPY (radian) [0.000, -0.000, 0.399]
- Rotation: in RPY (degree) [0.000, -0.000, 22.874]
- Matrix:
  0.921 -0.389  0.000  0.000
  0.389  0.921  0.000  0.000
  0.000  0.000  1.000  0.000
  0.000  0.000  0.000  1.000
At time 1696426674.622570792
- Translation: [0.000, 0.000, 0.000]
- Rotation: in Quaternion [0.000, 0.000, 0.198, 0.980]
- Rotation: in RPY (radian) [0.000, -0.000, 0.399]
- Rotation: in RPY (degree) [0.000, -0.000, 22.874]
- Matrix:
  0.921 -0.389  0.000  0.000
  0.389  0.921  0.000  0.000
  0.000  0.000  1.000  0.000
  0.000  0.000  0.000  1.000
At time 1696426675.631053853
- Translation: [0.000, 0.000, 0.000]
- Rotation: in Quaternion [0.000, 0.000, 0.198, 0.980]
- Rotation: in RPY (radian) [0.000, -0.000, 0.399]
- Rotation: in RPY (degree) [0.000, -0.000, 22.874]
- Matrix:
  0.921 -0.389  0.000  0.000
  0.389  0.921  0.000  0.000
  0.000  0.000  1.000  0.000
  0.000  0.000  0.000  1.000
At time 1696426676.622260137
- Translation: [0.000, 0.000, 0.000]
- Rotation: in Quaternion [0.000, 0.000, 0.198, 0.980]
- Rotation: in RPY (radian) [0.000, -0.000, 0.399]
- Rotation: in RPY (degree) [0.000, -0.000, 22.874]
- Matrix:
  0.921 -0.389  0.000  0.000
  0.389  0.921  0.000  0.000
  0.000  0.000  1.000  0.000
  0.000  0.000  0.000  1.000
At time 1696426677.630366545
- Translation: [0.000, 0.000, 0.000]
- Rotation: in Quaternion [0.000, 0.000, 0.198, 0.980]
- Rotation: in RPY (radian) [0.000, -0.000, 0.399]
- Rotation: in RPY (degree) [0.000, -0.000, 22.874]
- Matrix:
  0.921 -0.389  0.000  0.000
  0.389  0.921  0.000  0.000
  0.000  0.000  1.000  0.000
  0.000  0.000  0.000  1.000
At time 1696426678.623329756
- Translation: [0.000, 0.000, 0.000]
- Rotation: in Quaternion [0.000, 0.000, 0.198, 0.980]
- Rotation: in RPY (radian) [0.000, -0.000, 0.399]
- Rotation: in RPY (degree) [0.000, -0.000, 22.874]
- Matrix:
  0.921 -0.389  0.000  0.000
  0.389  0.921  0.000  0.000
  0.000  0.000  1.000  0.000
  0.000  0.000  0.000  1.000
At time 1696426679.630221973
- Translation: [0.000, 0.000, 0.000]
